1000
8283 -1110
-8575 -3051
6409 5789
512 -1494
1804 -3714
-8187 9855
1182 -4508
-5778 -9982
-6612 -7342
-7410 -6439
9619 6156
8800 3941
4968 1185
474 3418
1380 -5498
-2430 4744
6527 -8059
4623 3928
-8232 -3177
141 -7987
2768 1521
9306 -5177
3836 -3320
-1695 -7622
-9235 -2293
-987 5801
-3138 5929
-1310 -7967
-7830 -2145
7067 3554
-7396 -593
-931 8365
7344 3469
6903 -9009
-7791 3321
-82 -1278
-6512 -2253
-6197 -8547
-8252 -3424
-7292 2348
-2279 8160
-2221 214
-8968 9313
-1284 -6172
-7519 -2489
3756 -6024
-2966 -5542
5077 1172
-9058 -8741
-6628 9208
-5968 6758
-9713 7757
-222 -7958
7817 -7438
-2678 -1521
510 9002
7208 -1450
-4192 -4927
7368 837
5162 -4745
-3301 7979
-8188 5264
7514 8498
-734 -7807
3409 9618
3055 -8864
9035 1573
-1069 5411
-8066 -964
-4182 -9248
-620 2102
-1756 -9214
-7993 1012
-6346 -4965
5290 -2445
1086 -8378
8788 -6109
8495 6147
9606 -9247
-8348 -2480
-6133 9236
-2757 8361
-9530 -38
-1700 -1687
-1427 3631
-2379 -1337
-2904 36
-2163 -2518
-253 3610
-5888 6200
-249 4708
-2976 1252
615 9261
2179 5322
7848 9466
1357 -1428
8632 6590
-5818 -369
2312 -5784
-5194 4237
-870 -1210
6286 -108
-1706 8519
2064 -789
7193 7726
2007 7016
1228 -8494
-594 5212
4796 8251
-1555 3599
-885 996
1618 -4244
-3404 4106
-7264 1047
4798 -3829
-8948 5075
4589 1530
-5788 -9497
-5711 -3895
5355 4964
-8432 4406
9195 -7962
7946 7853
9609 -485
-6519 -5650
9101 8379
-36 1105
-721 -2171
3942 -6665
-2406 -8615
-7366 -2201
5186 6145
-8244 7401
6028 -2043
5934 1013
-9395 -5288
9363 838
558 8197
8406 4354
932 7158
5009 -5322
6341 -3122
3109 -7613
6836 -2102
-5147 7195
-1003 -3381
-6013 -3711
7562 2284
5090 -51
-5125 2155
-5615 2031
-2985 -5033
8015 6112
-8785 490
-762 7513
-9078 1406
6736 -1769
-3283 8349
-8768 -4498
-9776 -4718
-87 3704
7063 5072
-9416 9506
6052 890
6579 -2603
-2697 4495
4533 -9349
-8051 -8157
7458 -582
3598 -4713
-7056 -8339
-5626 2239
-9727 -1248
4880 -2633
-3976 -9631
-8695 821
4443 9143
4000 -8771
9595 2041
-6338 -5412
-6832 -4726
-7774 5056
5716 3485
3504 8459
7948 -7598
1881 -815
-5657 2541
4074 -5109
9553 6634
3985 2890
-2766 -9026
5977 2721
-3031 -219
-6244 -3749
9089 -8112
-5887 -8725
-6807 8742
4552 7482
-9128 4420
1037 5517
-7133 3953
-2259 -7086
-6346 -6460
2311 914
-1822 2841
-3878 6837
-8883 -375
7388 -9108
1787 8772
-8305 -3925
3210 -4292
-896 6105
7366 -4456
-4628 -523
-6813 2318
6492 -3050
3722 -1075
4564 -3127
-7247 -2806
-3595 -8552
-9567 -8162
-9847 8878
9094 1255
7008 2573
2220 -5112
5726 -7923
-8383 7451
8902 5654
8081 9233
-172 4936
-8876 5787
5674 -4887
-3262 4696
4551 4303
-512 -3520
3805 3778
6914 6532
-1022 -3932
-8199 -6386
6487 4808
2400 5326
6579 -4427
6745 3050
-4202 781
-9483 8674
6205 4634
3867 -1604
427 6517
-7605 -1828
-9725 5534
1073 -1090
-2438 7555
5243 -6670
8916 -6407
1434 7997
6750 2242
8808 -7436
-6 -6099
-6437 5966
1520 -6671
6014 -6287
6035 -6105
4862 907
-4379 2554
8303 -1453
2231 9144
6673 -812
4265 -2807
-6883 -7077
1998 6265
5761 7689
5484 -1167
-3600 -7958
4548 -4215
1581 7693
-7283 -6420
-208 5560
4419 2755
-5889 -2864
1441 -8906
-5616 2101
-8710 1504
9273 -4851
-799 -4902
6559 3497
-9113 6587
-9807 8182
-3895 -393
4959 1142
-348 4637
-7596 1124
2028 -8040
6454 8586
-9851 1969
6918 -2856
2914 9214
2946 -1760
9666 7421
4013 -323
-5367 -8522
-167 3586
7931 9405
-9057 -2977
9751 -8907
858 -1968
1890 -366
-5851 -570
-5572 821
2467 4943
-2932 4147
-5741 -4217
7225 7329
5241 715
7673 -6796
6633 -5620
-5041 4028
5962 -6725
1046 8802
-2098 3635
-2336 8658
3033 3036
5667 -6771
-6731 6501
2023 -6840
-6879 7937
2363 5682
1176 2017
6073 19
5283 -6980
8568 -5506
9432 7809
-2362 -795
-2730 -8994
6992 -1327
-8621 -4916
-5648 2864
-177 -8628
2715 -208
-3079 -7632
1399 6457
1924 -8083
-8710 -5964
-1609 -5859
-4834 -1763
4067 -8727
7565 -8085
3303 -8189
9874 2231
6746 985
9194 9768
824 8679
-4914 6524
-5259 1184
1546 1202
-3711 -4998
-6476 -4406
-8140 3107
-9234 -7691
-8648 -8089
-4282 -1347
7701 -8051
-5977 2104
7208 -3069
3064 5491
9017 7431
-7349 -1061
-6918 8969
-1983 -6919
4254 68
9666 -4827
-7991 -7061
-9682 7305
-9618 -3853
7419 -1288
-6903 -2140
4483 8071
-66 -3058
-4899 -9838
8215 7110
-7589 -1790
-198 -8763
-1164 -6534
2630 9967
-9310 -2642
-2055 1593
-9681 2263
1916 8891
5493 -3277
-7732 -7199
-3980 -6857
-2833 -9402
685 -2597
8021 4503
-7754 -5330
-2036 -6940
-4351 -546
-1254 -2306
-8761 7275
-2422 -4515
8888 -7194
7006 1752
-3784 3094
-4534 7042
8752 -5744
9493 5493
-5846 7361
9165 -8420
4970 2074
6993 -6662
1640 9185
-9267 -5119
-1380 4239
9884 -9612
-4785 8728
7531 2105
2405 -6831
-6057 -1241
-5726 -1584
2581 1146
-5578 -8483
-891 4222
7354 6249
8306 -8396
-569 -4209
-9318 -3384
5032 -7371
7893 6978
-2208 9263
-3840 1532
8166 8039
-6596 -6887
-855 -2537
-2678 2895
-7908 -1251
7883 4406
-2695 1835
1129 1455
-5959 1117
3727 7587
2728 7349
1399 -8840
6803 1666
4927 -2188
2777 -7688
-1079 -8398
919 -278
7069 -811
4465 -3833
9633 -4136
-1567 -8845
-9107 9495
-5288 5509
-1331 8889
-6561 -8147
6197 -2058
-9275 -8245
7734 -2036
-8663 4220
6942 -9549
2934 3917
536 2955
1686 7308
1678 -889
6330 -9191
-1677 3584
-1657 -7155
-4356 9038
-7303 -1381
-6742 5012
-642 -4322
9998 -9036
-3052 6062
1533 -6157
5076 2632
2137 2835
379 -3587
9151 9015
319 6469
-8689 4337
2072 -8277
65 9612
2364 367
-3961 967
-8284 -5320
6517 -2634
-2682 -5032
7691 -8294
-3398 4195
-7206 8256
2885 -6657
7647 1549
6130 3954
-1559 2059
-4119 7262
-6492 2543
-2712 -5460
2551 5834
6959 1517
3919 8791
5899 -2284
2928 7888
2012 1510
-3079 -1660
2032 3112
-8671 -1942
2375 4783
-7377 9147
-9315 7490
-5824 9780
-8515 9293
-6590 2392
-5126 -8818
7650 520
-1905 183
3856 8100
2161 6294
-7204 -140
-3507 -516
-9086 8099
-9941 -339
3148 -9868
3543 -5677
-1290 -4561
5482 -710
-7257 -8762
9023 9654
8643 -6844
9675 2631
-7348 7861
-7689 8658
9582 -9689
-7001 -8547
2734 4772
111 -7172
4212 227
5977 -8340
9196 -2381
-4854 5593
2344 -7381
-3288 -3504
3167 3316
5994 -9232
-7970 -7682
-8340 -9421
-8338 -218
9356 -966
7890 -4734
1001 -1191
-3444 2899
-5447 9340
-2839 -9293
-2842 3184
6859 7455
7484 -9462
4881 1497
-8742 4044
9037 7159
3430 -4715
-8731 2224
-4172 556
3752 9905
3441 -1401
1769 -1909
8236 -102
-6630 -7590
-7720 -6026
-5747 3713
-3391 -1519
2309 5212
-875 3597
-4252 4095
-5506 4078
3979 2843
7204 6795
-2438 -2924
4018 -7340
9143 7215
449 9134
5683 3335
-3192 5445
6569 1338
88 2508
5859 -2136
5040 -1475
-1612 2451
-4445 -6043
4522 7470
8583 7798
2952 -1359
8775 -4947
153 4936
-7364 8173
-1214 -8180
-2835 -5486
7362 -2655
1602 1477
-7635 3368
7023 -4690
-8980 -9360
6272 -1574
6817 420
7810 8560
4465 755
-1324 8433
-6649 -3570
4880 -1146
-6561 5443
-3534 -321
-5863 -1830
1752 -1214
6641 9039
-7571 -24
-1267 4095
-1867 -7864
-8303 4355
-8154 -5059
2504 7548
8151 1213
-4886 3012
-1626 -1474
9009 -5352
7984 9060
-7803 -1949
8983 5419
174 -9832
-149 9852
1005 -2113
6403 -2582
7022 -4322
-8669 7849
4276 9783
-1618 -3898
-5360 -6842
825 5823
-2392 4769
3895 -7726
-6125 -6308
4012 4697
-9613 7646
-8974 449
-3690 -6134
3511 9699
2814 69
6081 -4196
7021 -5932
-9480 9085
-9627 550
-6631 3219
6622 -1172
-5134 -7596
7628 9530
9600 4633
3201 -3515
-5738 4636
-5355 -3382
-977 1919
1694 -4053
4581 7086
2923 5682
-5400 -8136
-5175 9673
-6778 -5808
-501 -4465
-286 -4097
-9654 -3849
-9271 -2130
-1676 -5390
7024 6003
-5743 947
-5965 1908
-2028 5719
8235 5568
4656 7862
-9368 -3712
5288 -5956
6544 -9788
-2707 3951
9654 9613
5664 -7670
-9202 8659
-8231 -2484
6014 8117
3078 -469
-7817 -6294
-5055 -2276
-175 7570
-898 952
-5290 9327
-885 -6392
8839 866
-3746 -1182
7895 8899
-5717 -2503
-201 5356
2475 -2769
-124 6818
-6269 -3443
-9979 2312
-5757 7424
-4790 8196
2051 5398
9978 8363
658 5311
-5363 8716
6 1437
1062 -8707
-6675 8184
-337 -8854
5195 -3089
-4248 -4690
5062 -5737
7166 9529
2461 -5079
-8201 -3647
-2936 9621
6941 3760
2991 -7594
-1048 9513
-5277 9334
-757 -1981
4527 8581
-3257 -9973
1696 -6364
-8221 5258
-3994 -701
-143 1691
2409 -4068
-244 -5344
6189 4463
-7211 125
-5068 -8643
4685 8419
9704 -8820
4740 163
-3398 8134
-4424 3112
8310 -2322
-574 1943
4654 1525
-1565 4835
5540 7515
6305 -5692
-3073 -7424
2552 -2884
5718 -9670
1092 -5944
1353 4884
-5988 -2631
-8677 -2955
-6183 -3030
-5347 3817
4760 9331
765 9006
4979 -3970
6616 3907
9283 9752
4069 9124
-8587 -7575
1510 3171
6877 1671
-5908 -151
-5039 7571
-6018 5598
7706 -3813
603 7322
-4405 -3906
-6203 3874
2652 -3319
653 -5766
-7580 8808
9388 1196
-7107 -850
6403 1600
8037 8311
-1828 8982
-3126 -5887
-296 -5491
-4983 6448
6575 1380
-2951 3702
6704 670
-8426 4306
7601 -4752
8481 -9851
5658 -6149
9857 -8223
-4676 -5
368 2422
-2940 4856
348 -9446
8133 -6436
-3607 7089
-4148 7599
-6994 1508
-7533 -4328
-4061 2135
2175 5394
4174 -8342
4317 6813
-5316 -4018
2346 -3502
5163 -2874
8086 -3510
6643 8129
7635 1773
4102 -2117
-4965 -3111
-3725 -1764
-5521 -2710
-8605 9402
-8254 -4481
6012 7438
-2097 -7252
8577 3308
-787 9801
-2382 2040
-9754 1762
6722 3496
-3006 -2483
6387 -5374
-6482 5400
1356 -9368
922 -5120
4871 -5692
4160 2381
6716 -3381
2294 6104
3148 -7587
567 -2208
3250 6426
-9778 4093
-6138 771
-191 5384
-6694 -4729
-1264 -484
2510 -2836
6909 -7328
8420 4062
-5242 1814
8215 -9941
1858 5300
-2469 7561
-3090 -8461
6801 -9629
-6355 675
8028 6924
-7929 3556
8286 6633
9828 -4696
9404 7656
-8972 6247
-4281 -5922
8214 692
840 9133
-7178 9482
1535 -1895
-6630 -8992
-8385 5259
3162 503
-4331 -7452
9926 -5797
-1522 2205
2094 9225
5897 9125
-8432 266
-296 -3733
-9553 -3625
-5031 7230
-397 -493
5959 -94
7512 832
4874 2465
6098 -9027
5648 -353
-2414 -4449
5306 5862
1161 207
5662 -8913
8407 7293
-9036 5448
-8527 801
-5312 4138
5810 5221
-3196 9097
-4446 9008
-7888 8335
-6540 -4787
9315 -2265
5652 8764
8368 -9171
5611 -1402
-1398 4824
-2185 -1510
-2170 -7768
-2570 -8992
8771 4075
8748 -2372
-7494 -3188
9011 6936
9153 -2385
3986 -7619
-8342 -7939
-8086 6042
57 3955
4831 -6303
-9039 -4848
-1169 -9937
-7535 6646
1775 541
7940 -102
-1103 -551
5064 1732
7463 -3267
9968 -3563
-1942 2614
-9 7643
5280 2399
6153 5137
193 8059
-8386 4984
1496 -3750
-9368 -7426
-5170 -5022
-3966 480
604 19
-2622 2684
-2243 -3532
4634 -23
5478 -2874
7063 -5818
-8448 -6157
7430 6727
-9005 1480
9580 -4481
-1597 -8238
-5608 -2380
-6979 9158
-65 -7331
6705 9780
1477 -446
9194 -5431
3941 -8840
-2473 -1944
2126 -8803
-7918 -7245
-6396 7487
7502 5635
4118 798
-7568 -1219
-2296 1843
-4695 -2349
6186 6890
5467 6550
-801 -116
6450 2542
8524 3623
9452 206
2175 6212
565 7782
9972 -4892
-3423 -6545
2831 1850
1428 2793
-8018 4974
-8365 9951
-5259 3519
1740 9448
-8450 3654
-2566 4534
4341 7047
3605 -1008
-9416 5773
-5012 7010
-3633 -3289
-9253 7213
-3559 -373
-3251 3267
-3752 -7300
-9124 4018
1915 5670
-9173 4008
7016 -5326
1347 2940
-1226 9908
-1286 -8247
-1822 -6481
5827 -5343
1076 9115
7868 -5741
9992 9927
-6541 -6111
-11 -1139
-4297 6577
-8674 1475
-1689 1526
5624 8322
4600 2707
3181 6503
306 3395
3175 7337
